Gebiet-Name:
siedler5

Gesundheitszentren:


Ortschaften:
(107.70402262382429, 65.34900023471637)
(134.5704851548664, 10.913826310824028)
(170.24224381879569, 91.79239312524214)
(32.34638616531059, 21.954571014749234)
(127.85114282830877, 80.05358913744664)
(171.39979710268312, 70.94435350830278)
(111.75203452458089, 0.5820434724294712)
(42.91247267222605, 83.12878073908087)
(189.99448062706531, 95.97521584478416)
(167.36869399860907, 0.5508863309906955)
(24.892136401679828, 44.83426776284309)
(139.19992735304197, 62.892856486497465)
(84.86032539551788, 96.27715050205332)
(59.687399421746434, 39.97240604259468)
(182.80970010151347, 21.039091509360706)
(111.44640825285165, 92.13761657410298)
(86.85517184029061, 72.95059044043063)
(85.12036538349281, 47.91376331192575)
(39.09782293920057, 62.21943590266065)
(86.46458127751859, 22.856669570823808)
(64.5015134747827, 89.14302261816003)
(64.95674368069928, 67.04583583468681)
(143.07924005354167, 35.93099268521373)
(54.46322113365626, 19.3986520571586)
(148.66698005694158, 85.94654743903226)
(163.85632323105432, 43.549156364928784)
(21.790963910244386, 74.746586680083)
(112.12607976826762, 34.76613415204172)
(185.50242184985197, 48.379583179109034)
(156.83408680055973, 18.346297334870275)

zunahe Ortschaften:


geschuetzte Ortschaften:


Ortschaften ausserhalb dem Gebiet:
