Gebiet-Name:
siedler5

Gesundheitszentren:


Ortschaften:
(32.34638616531059, 21.954571014749234)
(107.9197790029539, 19.614301530109625)
(94.04121387634376, 77.64648062609037)
(127.85114282830877, 80.05358913744664)
(120.10615861274351, 35.72125201699902)
(165.32241438425183, 70.16131015505502)
(59.687399421746434, 39.97240604259468)
(111.44640825285165, 92.13761657410298)
(85.12036538349281, 47.91376331192575)
(86.46458127751859, 22.856669570823808)
(143.07924005354167, 35.93099268521373)
(54.46322113365626, 19.3986520571586)
(124.86365773546225, 58.88558512595889)
(116.6513101213137, 0.6069926348231038)
(134.5704851548664, 10.913826310824028)
(188.62697873293368, 40.59917314841455)
(42.91247267222605, 83.12878073908087)
(189.99448062706531, 95.97521584478416)
(165.9666436292729, 96.51617158490176)
(167.36869399860907, 0.5508863309906955)
(24.892136401679828, 44.83426776284309)
(184.7285155923376, 14.73807713344431)
(102.65790557762361, 58.79655407255924)
(156.83408680055973, 18.346297334870275)
(84.86032539551788, 96.27715050205332)
(164.089090279695, 38.12254656971029)
(146.58067351905362, 59.75041584997292)
(39.09782293920057, 62.21943590266065)
(64.95674368069928, 67.04583583468681)
(186.33396186018555, 63.92125434447756)
(148.66698005694158, 85.94654743903226)
(21.790963910244386, 74.746586680083)
(64.5015134747827, 89.14302261816003)

zunahe Ortschaften:


geschuetzte Ortschaften:


Ortschaften ausserhalb dem Gebiet:
