Gebiet-Name:
siedler5

Gesundheitszentren:


Ortschaften:
(22.204346993114548, 73.35270849383664)
(37.253649184096005, 50.11292910338636)
(94.04121387634376, 77.64648062609037)
(127.85114282830877, 80.05358913744664)
(72.76778907415475, 77.67378848949517)
(165.32241438425183, 70.16131015505502)
(107.40995704417199, 19.566141138539592)
(111.44640825285165, 92.13761657410298)
(39.989107774704806, 97.25288150349004)
(85.12036538349281, 47.91376331192575)
(41.90990270785882, 28.288750076996436)
(67.82224706014173, 32.1985260593286)
(110.28999540101438, 39.849080478003344)
(143.07924005354167, 35.93099268521373)
(49.1631958103058, 77.40225546719957)
(124.86365773546225, 58.88558512595889)
(134.5704851548664, 10.913826310824028)
(188.62697873293368, 40.59917314841455)
(64.36350946887245, 98.98422045059938)
(21.991864586193657, 37.141783874190935)
(28.114525239455933, 4.642305044020378)
(189.99448062706531, 95.97521584478416)
(165.9666436292729, 96.51617158490176)
(167.36869399860907, 0.5508863309906955)
(114.52200623799837, 0.3027787426112307)
(184.7285155923376, 14.73807713344431)
(74.87980309749145, 6.005415054692486)
(102.65790557762361, 58.79655407255924)
(84.86032539551788, 96.27715050205332)
(164.089090279695, 38.12254656971029)
(146.58067351905362, 59.75041584997292)
(186.33396186018555, 63.92125434447756)
(148.66698005694158, 85.94654743903226)
(67.33156938308844, 57.19468521425301)
(51.25165592418652, 4.325037582713181)
(156.83408680055973, 18.346297334870275)
(87.61266501003242, 27.654699623337855)

zunahe Ortschaften:


geschuetzte Ortschaften:


Ortschaften ausserhalb dem Gebiet:
