Gebiet-Name:
siedler5

Gesundheitszentren:
(120.86454475456108, 25.248136723159785)

Ortschaften:
(189.84227465299946, 39.89099378205903)
(92.65407870441118, 0.7275087943797072)
(22.204346993114548, 73.35270849383664)
(146.46145043140643, 36.87453179786013)
(94.04121387634376, 77.64648062609037)
(127.85114282830877, 80.05358913744664)
(176.0307338737229, 20.6404462549181)
(72.76778907415475, 77.67378848949517)
(165.32241438425183, 70.16131015505502)
(107.40995704417199, 19.566141138539592)
(165.28846300323448, 45.61667056548391)
(111.44640825285165, 92.13761657410298)
(24.127826998539604, 50.99610567578748)
(85.12036538349281, 47.91376331192575)
(48.46052705043631, 75.28897617033329)
(57.232351594714586, 27.98025298393373)
(67.82224706014173, 32.1985260593286)
(110.28999540101438, 39.849080478003344)
(124.86365773546225, 58.88558512595889)
(22.71966094799335, 1.36596959554267)
(64.36350946887245, 98.98422045059938)
(127.20787832226681, 26.353193707231277)
(189.99448062706531, 95.97521584478416)
(165.9666436292729, 96.51617158490176)
(114.52200623799837, 0.3027787426112307)
(50.28865880096005, 2.3255595800937794)
(160.0157137673854, 5.834607193761588)
(102.65790557762361, 58.79655407255924)
(84.86032539551788, 96.27715050205332)
(146.58067351905362, 59.75041584997292)
(48.35394822206764, 49.87598077443448)
(38.33284606292315, 29.535698450034293)
(42.90765514135856, 94.53328056092639)
(135.99598653244323, 4.085543091444629)
(186.33396186018555, 63.92125434447756)
(148.66698005694158, 85.94654743903226)
(67.33156938308844, 57.19468521425301)
(23.222397816255864, 24.005072284656016)
(22.471374831287314, 93.82907370295518)
(87.61266501003242, 27.654699623337855)
(71.87140217611726, 0.4968817697320169)
(186.1951936368081, 1.0698336012318879)

zunahe Ortschaften:


geschuetzte Ortschaften:
(189.84227465299946, 39.89099378205903)
(92.65407870441118, 0.7275087943797072)
(146.46145043140643, 36.87453179786013)
(94.04121387634376, 77.64648062609037)
(127.85114282830877, 80.05358913744664)
(176.0307338737229, 20.6404462549181)
(72.76778907415475, 77.67378848949517)
(165.32241438425183, 70.16131015505502)
(165.28846300323448, 45.61667056548391)
(107.40995704417199, 19.566141138539592)
(111.44640825285165, 92.13761657410298)
(85.12036538349281, 47.91376331192575)
(57.232351594714586, 27.98025298393373)
(67.82224706014173, 32.1985260593286)
(110.28999540101438, 39.849080478003344)
(124.86365773546225, 58.88558512595889)
(127.20787832226681, 26.353193707231277)
(165.9666436292729, 96.51617158490176)
(114.52200623799837, 0.3027787426112307)
(50.28865880096005, 2.3255595800937794)
(160.0157137673854, 5.834607193761588)
(102.65790557762361, 58.79655407255924)
(84.86032539551788, 96.27715050205332)
(146.58067351905362, 59.75041584997292)
(48.35394822206764, 49.87598077443448)
(38.33284606292315, 29.535698450034293)
(135.99598653244323, 4.085543091444629)
(186.33396186018555, 63.92125434447756)
(148.66698005694158, 85.94654743903226)
(67.33156938308844, 57.19468521425301)
(87.61266501003242, 27.654699623337855)
(71.87140217611726, 0.4968817697320169)
(186.1951936368081, 1.0698336012318879)

Ortschaften ausserhalb dem Gebiet:
