Gebiet-Name:
siedler5

Gesundheitszentren:
(103.65676793613974, 39.255528646164166)

Ortschaften:
(155.16343274517902, 40.726953701230116)
(64.89757178702767, 12.895751268304208)
(66.24852649436937, 1.1917953492690447)
(102.5430201575939, 54.265516649256895)
(172.95708060806962, 18.7491812529941)
(80.80837810100097, 0.6862620519425167)
(83.78651931325595, 22.697116110825007)
(131.28816264044977, 39.65534085297683)
(181.2121720111915, 39.037806854985504)
(161.27713554815654, 75.34314568511017)
(182.8448008911146, 22.474435159397608)
(137.79359368686812, 82.60412492875582)
(51.253691423703664, 79.70747915603367)
(94.61246810241563, 60.972963667817936)
(76.28275641918552, 98.05899916237016)
(113.86467638490126, 33.686603982252365)
(107.383517099003, 75.25184164916149)
(32.76253177601153, 82.15299711903673)
(177.10511543784585, 56.38289155954912)
(40.41342721853613, 62.01079523600535)
(160.8247145465618, 5.750244284873125)
(163.583031681891, 52.10107081732143)
(151.76215240368495, 78.92702139779915)
(153.6015635257628, 65.46004744308865)
(126.12845130484156, 30.381385937609032)
(89.16055084645741, 96.96013128317544)
(131.61678610487442, 17.536963653912125)
(41.00643570539189, 16.659244425538915)
(56.329109116495104, 49.83531069646122)
(48.454508221036264, 5.732352099394391)
(64.24632179421536, 33.359666741503574)
(173.69805691404176, 1.524345170727821)
(123.91391030061871, 97.71557341371721)
(169.61309542150994, 92.81876773123035)
(113.32718002340367, 3.331222408338418)
(130.4150903068411, 69.71556436043494)
(20.6569341049388, 26.70328114878302)
(21.9039641271818, 58.39356135954846)
(111.09813905505331, 97.34749727482645)
(144.68225728940064, 35.830386981274934)
(70.6758947170794, 46.00965468459994)
(55.17018102906943, 95.76405484751412)
(78.69029328416504, 62.30955352099454)
(189.00951648472108, 63.859056433561435)
(97.77232444601037, 84.63754944117643)
(95.98525862455841, 23.294603319574435)
(167.34270266672354, 29.42017966924083)
(69.9775198016896, 57.2882590334336)
(125.91558851989068, 48.907424656168544)
(66.81111666100944, 76.9391546181948)
(158.12403847997913, 90.81569572961298)
(117.84640523784431, 87.63789954078959)
(77.29819950017367, 79.04181459176276)
(139.8526150719078, 10.817810030211527)
(122.8880561183182, 60.42583545255041)
(66.56148104052261, 23.357686517696894)
(81.24552512117722, 37.61523787262583)
(40.453174427265665, 48.603922157180726)
(118.76461056894784, 71.81926366604839)
(130.05823524871545, 7.650171018919055)
(121.31495713453188, 12.61289634325735)
(48.27201041473054, 24.482953921727518)
(22.04311233768604, 6.387922858904351)
(142.6822891843776, 62.69644843521881)
(189.3934684659006, 2.0856462842548282)
(33.90108585115376, 8.802111905077547)
(21.140459331250057, 40.026627417832756)
(82.85104083889972, 48.20519171406159)
(21.279530290453582, 84.9141008190378)
(114.55214341260569, 43.93878726660201)
(91.23267382717893, 76.61186801942902)
(166.07766581506039, 62.240537776061146)
(179.67950605763357, 10.1489943757371)
(151.5121486276791, 12.277890983411668)
(37.375378167516565, 36.14639926641174)
(170.39477530585424, 42.83540332821372)
(85.01520272235817, 9.811329755381282)
(39.86428923745363, 0.5058182311213102)
(179.90883427659128, 69.34207602014686)
(67.78103667186333, 91.21196984469572)
(102.9538423196139, 37.240497270717725)
(177.19018159207712, 79.42620762083672)
(147.4529466409931, 21.579244324928702)
(43.58196025610981, 95.10370293683638)
(158.23776507481114, 24.540813345395)
(91.6402132546753, 33.924469603670346)
(30.15780345020643, 19.41537555890533)
(96.17692888792196, 10.038534505138326)
(56.10802163059256, 18.044495452096335)
(132.8586607973617, 91.74499778280762)
(143.19308798440716, 52.63986497363658)
(83.53519293127675, 87.36003903695176)
(59.96732152275497, 60.822197253254586)
(111.75602803443036, 64.18268528298961)
(52.76690221628269, 34.69820231503261)
(112.54201613598796, 23.69419136756636)
(28.82849130065886, 69.88723728866246)
(187.21379062027086, 98.2664975328189)

zunahe Ortschaften:


geschuetzte Ortschaften:
(155.16343274517902, 40.726953701230116)
(64.89757178702767, 12.895751268304208)
(66.24852649436937, 1.1917953492690447)
(102.5430201575939, 54.265516649256895)
(172.95708060806962, 18.7491812529941)
(80.80837810100097, 0.6862620519425167)
(83.78651931325595, 22.697116110825007)
(131.28816264044977, 39.65534085297683)
(181.2121720111915, 39.037806854985504)
(161.27713554815654, 75.34314568511017)
(182.8448008911146, 22.474435159397608)
(51.253691423703664, 79.70747915603367)
(137.79359368686812, 82.60412492875582)
(94.61246810241563, 60.972963667817936)
(76.28275641918552, 98.05899916237016)
(113.86467638490126, 33.686603982252365)
(107.383517099003, 75.25184164916149)
(32.76253177601153, 82.15299711903673)
(177.10511543784585, 56.38289155954912)
(40.41342721853613, 62.01079523600535)
(160.8247145465618, 5.750244284873125)
(163.583031681891, 52.10107081732143)
(151.76215240368495, 78.92702139779915)
(153.6015635257628, 65.46004744308865)
(126.12845130484156, 30.381385937609032)
(89.16055084645741, 96.96013128317544)
(131.61678610487442, 17.536963653912125)
(41.00643570539189, 16.659244425538915)
(56.329109116495104, 49.83531069646122)
(48.454508221036264, 5.732352099394391)
(64.24632179421536, 33.359666741503574)
(173.69805691404176, 1.524345170727821)
(123.91391030061871, 97.71557341371721)
(169.61309542150994, 92.81876773123035)
(130.4150903068411, 69.71556436043494)
(20.6569341049388, 26.70328114878302)
(21.9039641271818, 58.39356135954846)
(111.09813905505331, 97.34749727482645)
(144.68225728940064, 35.830386981274934)
(70.6758947170794, 46.00965468459994)
(55.17018102906943, 95.76405484751412)
(78.69029328416504, 62.30955352099454)
(97.77232444601037, 84.63754944117643)
(95.98525862455841, 23.294603319574435)
(167.34270266672354, 29.42017966924083)
(69.9775198016896, 57.2882590334336)
(125.91558851989068, 48.907424656168544)
(66.81111666100944, 76.9391546181948)
(158.12403847997913, 90.81569572961298)
(117.84640523784431, 87.63789954078959)
(77.29819950017367, 79.04181459176276)
(139.8526150719078, 10.817810030211527)
(122.8880561183182, 60.42583545255041)
(66.56148104052261, 23.357686517696894)
(81.24552512117722, 37.61523787262583)
(40.453174427265665, 48.603922157180726)
(118.76461056894784, 71.81926366604839)
(130.05823524871545, 7.650171018919055)
(121.31495713453188, 12.61289634325735)
(48.27201041473054, 24.482953921727518)
(142.6822891843776, 62.69644843521881)
(33.90108585115376, 8.802111905077547)
(21.140459331250057, 40.026627417832756)
(82.85104083889972, 48.20519171406159)
(114.55214341260569, 43.93878726660201)
(91.23267382717893, 76.61186801942902)
(166.07766581506039, 62.240537776061146)
(179.67950605763357, 10.1489943757371)
(151.5121486276791, 12.277890983411668)
(37.375378167516565, 36.14639926641174)
(170.39477530585424, 42.83540332821372)
(112.54201613598796, 23.69419136756636)
(85.01520272235817, 9.811329755381282)
(39.86428923745363, 0.5058182311213102)
(179.90883427659128, 69.34207602014686)
(67.78103667186333, 91.21196984469572)
(102.9538423196139, 37.240497270717725)
(177.19018159207712, 79.42620762083672)
(147.4529466409931, 21.579244324928702)
(43.58196025610981, 95.10370293683638)
(158.23776507481114, 24.540813345395)
(91.6402132546753, 33.924469603670346)
(30.15780345020643, 19.41537555890533)
(96.17692888792196, 10.038534505138326)
(56.10802163059256, 18.044495452096335)
(132.8586607973617, 91.74499778280762)
(143.19308798440716, 52.63986497363658)
(83.53519293127675, 87.36003903695176)
(59.96732152275497, 60.822197253254586)
(111.75602803443036, 64.18268528298961)
(52.76690221628269, 34.69820231503261)
(113.32718002340367, 3.331222408338418)
(28.82849130065886, 69.88723728866246)

Ortschaften ausserhalb dem Gebiet:
