Gebiet-Name:
griechenland

Gesundheitszentren:


Ortschaften:
(250.03605088530895, 397.4621114844215)
(82.3773246592067, 331.79597850268084)
(213.17523280770584, 173.544882120173)
(272.77742124303325, 150.57899875978322)
(131.85156337660322, 318.1184897782324)
(100.42794633947662, 356.98247715295713)
(239.7181592059685, 78.76244354468932)
(268.35440981348745, 356.91254492266347)
(328.84033802082814, 378.7462964652722)
(74.65766005047581, 178.58103366643437)
(260.67648976428967, 72.16617685183084)
(155.01504217391823, 347.43214630179114)
(125.0370728605396, 211.9803006840247)
(174.0930406629092, 428.82234880196836)
(122.57634016760105, 385.3142473298709)
(196.67561349672937, 191.73511774412162)
(48.01540457961784, 303.4139423674792)
(235.51049357652465, 219.1496603818633)
(67.15518536239637, 242.34153846292008)
(103.57386394868976, 286.71655305302954)
(140.88376712619066, 474.3054422743398)
(261.29918241745816, 376.75265061220057)
(206.6572945671108, 303.2255932451434)
(311.4632264461241, 47.28973095389084)
(162.11476802504666, 272.7870522975387)
(125.08729212991175, 350.9522824907755)
(246.1052333964534, 361.83972365967315)
(352.4694258578219, 383.7667897585585)
(154.98275214376335, 395.2336074184635)
(508.02678110588414, 48.60452863345318)
(286.8218468905218, 204.2580668310643)
(242.0932718419343, 108.21761495719463)
(326.4716584102539, 351.1216697241306)
(22.335983507318513, 266.4776663745131)
(151.48936587841487, 536.003818520994)
(156.788235510461, 512.955874246835)
(147.77625965599947, 120.13425983321707)
(309.78926387968136, 367.88690199184225)
(355.77709447589535, 405.7536738521548)
(127.57022856746022, 252.0968155783341)
(491.9749308980256, 91.00761834074979)
(108.80871205141908, 452.6408090186435)
(63.506030321067726, 218.50261680936705)
(105.21212436051636, 309.9038674485618)
(64.04484972631474, 159.164637456949)
(445.00477313231414, 84.4969392351222)
(244.717617494551, 573.7264748945149)
(255.16904068667765, 465.7511821450827)
(377.5666052116908, 405.3126692649267)
(396.0574868490345, 56.37468268983299)
(393.30267240027894, 96.03177482011391)
(206.4478589987258, 348.07341858973996)
(137.53591573279036, 101.02840291454865)
(161.57969427741378, 371.20339890488407)
(35.71889529489511, 283.87203725764516)
(214.12635334616314, 383.3393603707841)
(185.4382745534447, 290.67608203648)
(260.57073070244337, 588.3982839395451)
(257.961552537298, 417.9481848103103)
(190.44629577438462, 543.0423043669558)
(92.33891809195441, 160.2800897416914)
(221.86928412666526, 361.92104248508986)
(168.71004427565612, 232.85748089796866)
(173.1093764862028, 254.8775180700089)
(223.36125643892348, 245.5335186178997)
(103.29746966874339, 131.9159603675443)
(298.52210936636914, 387.0820366776376)
(192.3790982304929, 385.03537339631885)
(96.06121722495728, 183.83379585141304)
(221.07208280883106, 533.1529578325036)
(37.57828225974706, 249.23230296297817)
(41.24825590914411, 213.59965808761538)
(435.47984071447155, 52.77616616219974)
(67.17424549990787, 311.2142439710722)
(147.03606327635066, 293.92986418400125)
(109.24007832267405, 235.52197596569235)
(232.42151615010442, 555.2261438191356)
(305.88941310137744, 339.5956985823333)
(354.1400867916124, 89.56297973100527)
(177.58139773576934, 398.63001060323035)
(29.411050083279072, 230.50560902694414)
(215.67887583658737, 501.50274903577235)
(12.353714774082489, 246.17234705948854)
(151.40168486043248, 189.1036016500635)
(204.57040556336455, 154.8642859910136)
(270.2846690883639, 316.2775586385428)
(135.99992318764552, 514.5962323430497)
(78.88842721727366, 140.61839554311769)
(200.0932670332015, 523.8479059522698)
(528.7709740691852, 30.370119626511475)
(114.18333157978353, 333.0755542249742)
(506.4024410118547, 72.63512223479152)
(250.9433695182021, 137.56395128888818)
(87.51855774687775, 225.14281060271836)
(244.4860403130525, 538.155534801785)
(159.47880187746904, 143.79725129046068)
(521.7019628035996, 93.54128477786789)
(237.2332134670888, 320.61814740800634)
(51.80580315082157, 193.45001724826835)
(189.59026106825863, 113.2723042310297)
(426.2862009238163, 73.56535422134476)
(167.18127084649396, 175.8874523858061)
(254.9325364989171, 161.70206787953617)
(192.47385778039387, 503.57071367345793)
(271.22113902130343, 396.3079291766129)
(83.77700345156269, 271.0754868890453)
(295.1426763370225, 139.41015244757574)
(198.54309643746794, 483.8037669477153)
(512.3996478801263, 111.35286945175926)
(46.36934575962043, 338.24765670950364)
(374.7452591538122, 74.0798679459479)
(156.75620442110818, 211.98892530154623)
(269.9257115495476, 47.01475020525295)
(239.09730190748002, 277.8846756151492)
(359.1472373475013, 60.76371095555069)
(193.7048176236402, 244.14048706665199)
(81.37405957469713, 295.25817173851226)
(162.37205903844864, 88.72510940001105)
(186.80042204204491, 85.86507158728692)
(283.0505971522065, 414.06777595100306)
(174.81352705294998, 309.11121265951886)
(123.0021274473167, 121.91432412493874)
(175.86861157887293, 521.4519906732849)
(485.38459502720764, 54.46501005432818)
(183.57378057250205, 342.8685618999923)
(171.40576479701147, 484.31023435574195)
(212.03857066223068, 555.4178252007641)
(278.7988757454007, 110.23781448667492)
(240.23464486049824, 509.44763266843427)
(93.8844111692285, 434.26237170309156)
(259.6240404431356, 557.6962688583981)
(105.0399805904884, 209.5999127613351)
(127.30373853005261, 147.80086170219488)
(474.6469824199634, 78.69693336436399)
(466.8039824901077, 97.15734337192924)
(185.51587401031833, 142.338554465504)
(188.51350855588225, 219.49057356922017)
(334.8369175260248, 77.23009150092346)
(236.5347073906549, 51.22190999692968)
(416.0449191718103, 46.823721173553466)
(233.61472628198743, 341.90514661594773)
(307.7567915021481, 85.43915148623287)
(57.16411930294619, 259.7691870159461)
(201.72162535544774, 575.3884992298651)
(287.6251229764666, 370.065271978776)
(106.4078074552769, 257.5612476974789)
(214.8521183996526, 211.8740238142613)
(87.69754606980132, 249.32869164230553)
(229.04836415610427, 298.65064376708347)
(554.8747039165496, 15.838872295466777)
(529.8841756291808, 65.43232834379296)
(153.6109272606737, 322.51869582899695)
(170.2644349732137, 107.63806457837241)
(232.6981966048707, 484.7850955032317)
(346.2234070073394, 359.8973428056318)
(175.87293880226724, 201.48876214892005)
(533.080331941921, 10.639867131527705)
(243.26968694953695, 252.65707671295286)
(142.02641810543142, 271.8429651378516)
(406.40071698283197, 79.80515491703149)
(141.39657186590134, 376.89446136518245)
(370.4843500559921, 42.87687077384575)
(456.8705275492636, 62.600237780635055)
(308.55987743290535, 415.1082812997553)
(206.92904110986262, 459.037003505396)
(191.37016121800127, 269.8463524655662)
(124.21006684347778, 296.3510880932342)
(339.2033083084102, 38.02433428432607)
(58.6490720142822, 282.58525401980415)
(207.06817878519374, 81.80860706228177)
(421.54530904066644, 95.65369047688213)
(22.164636750761726, 206.68540607646216)
(285.63981777869594, 333.7310846561857)
(203.98397324045536, 129.93047536127793)
(149.80561689661246, 165.38929063033655)
(149.75499302369937, 250.06880529631206)
(196.19501021620013, 365.398447797342)
(320.93102975931413, 157.36692326489697)
(559.8993579586411, 38.73146683585663)
(115.04409640510146, 101.3125634118949)
(130.36868251893725, 408.26570747882624)
(119.03457391980267, 190.7217727108805)
(212.38727747452998, 271.80387872892413)
(138.97648744928404, 230.94968997416106)
(236.5806241874095, 380.60020936083305)
(76.1407253772104, 201.8280161903943)
(110.88171021916588, 169.65249927533173)
(208.52835459044758, 324.9822431721713)

zunahe Ortschaften:


geschuetzte Ortschaften:


Ortschaften ausserhalb dem Gebiet:
