Gebiet-Name:
griechenland

Gesundheitszentren:


Ortschaften:
(250.03605088530895, 397.4621114844215)
(82.3773246592067, 331.79597850268084)
(213.17523280770584, 173.544882120173)
(131.85156337660322, 318.1184897782324)
(100.42794633947662, 356.98247715295713)
(239.7181592059685, 78.76244354468932)
(268.35440981348745, 356.91254492266347)
(328.84033802082814, 378.7462964652722)
(62.27878152190699, 216.27977366622542)
(74.65766005047581, 178.58103366643437)
(260.67648976428967, 72.16617685183084)
(246.85695229410538, 255.49292477679234)
(155.01504217391823, 347.43214630179114)
(125.0370728605396, 211.9803006840247)
(174.0930406629092, 428.82234880196836)
(122.57634016760105, 385.3142473298709)
(235.51049357652465, 219.1496603818633)
(48.01540457961784, 303.4139423674792)
(184.95681052610962, 228.65926105800207)
(207.66941501433902, 113.67097734800844)
(478.8823180332854, 100.4784949382014)
(474.97805769417687, 77.30277863649967)
(140.88376712619066, 474.3054422743398)
(261.29918241745816, 376.75265061220057)
(206.6572945671108, 303.2255932451434)
(311.4632264461241, 47.28973095389084)
(184.51127124816344, 111.69956958911632)
(162.11476802504666, 272.7870522975387)
(125.08729212991175, 350.9522824907755)
(246.1052333964534, 361.83972365967315)
(352.4694258578219, 383.7667897585585)
(154.98275214376335, 395.2336074184635)
(119.81272584659587, 170.63265157913906)
(85.41871505545589, 302.2094888718527)
(286.8218468905218, 204.2580668310643)
(326.4716584102539, 351.1216697241306)
(22.335983507318513, 266.4776663745131)
(280.0775784772977, 161.56336065306988)
(208.52835459044758, 324.9822431721713)
(151.48936587841487, 536.003818520994)
(156.788235510461, 512.955874246835)
(211.4375264576535, 202.8892971988843)
(309.78926387968136, 367.88690199184225)
(126.14443454644748, 251.94776326794175)
(355.77709447589535, 405.7536738521548)
(108.80871205141908, 452.6408090186435)
(64.04484972631474, 159.164637456949)
(445.00477313231414, 84.4969392351222)
(244.717617494551, 573.7264748945149)
(255.16904068667765, 465.7511821450827)
(481.67890018567476, 53.66327498440795)
(377.5666052116908, 405.3126692649267)
(498.3926075715873, 92.64597216488471)
(396.0574868490345, 56.37468268983299)
(393.30267240027894, 96.03177482011391)
(206.4478589987258, 348.07341858973996)
(137.53591573279036, 101.02840291454865)
(161.57969427741378, 371.20339890488407)
(35.71889529489511, 283.87203725764516)
(214.12635334616314, 383.3393603707841)
(134.08774899195632, 155.80619292424134)
(185.4382745534447, 290.67608203648)
(260.57073070244337, 588.3982839395451)
(209.6184899590058, 72.15155821736072)
(192.76359640693562, 186.6474487190698)
(257.961552537298, 417.9481848103103)
(237.1330400826351, 125.94387996091588)
(190.44629577438462, 543.0423043669558)
(92.33891809195441, 160.2800897416914)
(221.86928412666526, 361.92104248508986)
(226.56359469855673, 315.2567611552844)
(223.36125643892348, 245.5335186178997)
(103.29746966874339, 131.9159603675443)
(298.52210936636914, 387.0820366776376)
(235.20793944145126, 272.6217472388153)
(192.3790982304929, 385.03537339631885)
(96.06121722495728, 183.83379585141304)
(172.1869575471388, 187.63293119130898)
(221.07208280883106, 533.1529578325036)
(211.05738600873556, 133.88926714668747)
(37.57828225974706, 249.23230296297817)
(41.24825590914411, 213.59965808761538)
(435.47984071447155, 52.77616616219974)
(84.18287843786379, 246.50254132967615)
(67.17424549990787, 311.2142439710722)
(254.5004483298227, 165.2190432592849)
(109.24007832267405, 235.52197596569235)
(232.42151615010442, 555.2261438191356)
(305.88941310137744, 339.5956985823333)
(354.1400867916124, 89.56297973100527)
(189.6907527982845, 208.1191556612197)
(104.99580089105193, 312.3558919877101)
(177.58139773576934, 398.63001060323035)
(29.411050083279072, 230.50560902694414)
(215.67887583658737, 501.50274903577235)
(12.353714774082489, 246.17234705948854)
(151.40168486043248, 189.1036016500635)
(204.57040556336455, 154.8642859910136)
(270.2846690883639, 316.2775586385428)
(135.99992318764552, 514.5962323430497)
(245.71931030802293, 308.6203037937248)
(78.88842721727366, 140.61839554311769)
(200.0932670332015, 523.8479059522698)
(528.7709740691852, 30.370119626511475)
(114.18333157978353, 333.0755542249742)
(114.96730176001282, 148.46266072752394)
(87.51855774687775, 225.14281060271836)
(244.4860403130525, 538.155534801785)
(159.47880187746904, 143.79725129046068)
(164.08926849169947, 111.14061998042781)
(176.5975558449009, 167.78507740036338)
(195.5213475208735, 246.52110475727818)
(495.23689094682106, 68.52857047843293)
(104.6537205849546, 258.9389058606075)
(51.80580315082157, 193.45001724826835)
(426.2862009238163, 73.56535422134476)
(215.6470330629682, 225.4014769423326)
(195.91212306811695, 87.71843097048661)
(120.70256938691792, 276.54270892335086)
(192.47385778039387, 503.57071367345793)
(271.22113902130343, 396.3079291766129)
(295.1426763370225, 139.41015244757574)
(198.54309643746794, 483.8037669477153)
(512.3996478801263, 111.35286945175926)
(46.36934575962043, 338.24765670950364)
(374.7452591538122, 74.0798679459479)
(225.4355767112437, 294.72751595751095)
(269.9257115495476, 47.01475020525295)
(66.0272270977078, 238.0231766632581)
(359.1472373475013, 60.76371095555069)
(283.0505971522065, 414.06777595100306)
(174.81352705294998, 309.11121265951886)
(123.0021274473167, 121.91432412493874)
(175.86861157887293, 521.4519906732849)
(512.3514170091763, 49.058319967095336)
(183.57378057250205, 342.8685618999923)
(456.4090598304204, 62.5778963900119)
(171.40576479701147, 484.31023435574195)
(212.03857066223068, 555.4178252007641)
(278.7988757454007, 110.23781448667492)
(240.23464486049824, 509.44763266843427)
(93.8844111692285, 434.26237170309156)
(259.6240404431356, 557.6962688583981)
(99.5714023484911, 287.2207163873691)
(105.0399805904884, 209.5999127613351)
(174.9601328739989, 255.46448768068944)
(185.51587401031833, 142.338554465504)
(334.8369175260248, 77.23009150092346)
(236.5347073906549, 51.22190999692968)
(416.0449191718103, 46.823721173553466)
(233.61472628198743, 341.90514661594773)
(307.7567915021481, 85.43915148623287)
(57.16411930294619, 259.7691870159461)
(145.8477134474939, 209.26539447843498)
(201.72162535544774, 575.3884992298651)
(287.6251229764666, 370.065271978776)
(135.760027353046, 231.8716884895758)
(86.89986879701344, 110.50051837766964)
(514.5390671054364, 79.91703798032195)
(554.8747039165496, 15.838872295466777)
(530.470146502782, 92.44068138616093)
(529.8841756291808, 65.43232834379296)
(153.6109272606737, 322.51869582899695)
(168.8080299388224, 84.46182087947474)
(232.6981966048707, 484.7850955032317)
(346.2234070073394, 359.8973428056318)
(533.080331941921, 10.639867131527705)
(142.02641810543142, 271.8429651378516)
(406.40071698283197, 79.80515491703149)
(141.39657186590134, 376.89446136518245)
(370.4843500559921, 42.87687077384575)
(308.55987743290535, 415.1082812997553)
(206.92904110986262, 459.037003505396)
(235.6260734474889, 101.67630071757287)
(191.37016121800127, 269.8463524655662)
(80.83476835040935, 279.20775518347284)
(269.6539311072751, 130.1969543309421)
(58.6490720142822, 282.58525401980415)
(142.90966543030268, 129.8102783787954)
(155.72790198641954, 164.70536068226664)
(421.54530904066644, 95.65369047688213)
(22.164636750761726, 206.68540607646216)
(285.63981777869594, 333.7310846561857)
(152.30798085188124, 248.75498109956877)
(133.25786697699218, 296.5034177262792)
(157.01412927994534, 298.4689686734601)
(196.19501021620013, 365.398447797342)
(320.93102975931413, 157.36692326489697)
(559.8993579586411, 38.73146683585663)
(115.04409640510146, 101.3125634118949)
(130.36868251893725, 408.26570747882624)
(165.1615863399598, 216.5998890085291)
(119.03457391980267, 190.7217727108805)
(212.38727747452998, 271.80387872892413)
(236.5806241874095, 380.60020936083305)
(76.1407253772104, 201.8280161903943)
(339.2033083084102, 38.02433428432607)

zunahe Ortschaften:


geschuetzte Ortschaften:


Ortschaften ausserhalb dem Gebiet:
