Gebiet-Name:
griechenland

Gesundheitszentren:


Ortschaften:
(82.3773246592067, 331.79597850268084)
(213.17523280770584, 173.544882120173)
(131.85156337660322, 318.1184897782324)
(100.42794633947662, 356.98247715295713)
(239.7181592059685, 78.76244354468932)
(242.45754553065865, 106.30676929969071)
(214.40356898569073, 253.55199916196065)
(328.84033802082814, 378.7462964652722)
(278.7946204696859, 186.9787669630135)
(62.27878152190699, 216.27977366622542)
(306.46865493316704, 340.4581526019678)
(74.65766005047581, 178.58103366643437)
(260.67648976428967, 72.16617685183084)
(135.15317978254677, 515.6343198702951)
(55.50729909252614, 329.31252196212347)
(184.95681052610962, 228.65926105800207)
(125.0370728605396, 211.9803006840247)
(174.0930406629092, 428.82234880196836)
(122.57634016760105, 385.3142473298709)
(235.51049357652465, 219.1496603818633)
(48.01540457961784, 303.4139423674792)
(478.8823180332854, 100.4784949382014)
(474.97805769417687, 77.30277863649967)
(230.2595885278932, 274.95407477970645)
(140.88376712619066, 474.3054422743398)
(176.4621209742372, 518.3933356353626)
(206.6572945671108, 303.2255932451434)
(311.4632264461241, 47.28973095389084)
(249.29482687098638, 396.88127041653735)
(162.11476802504666, 272.7870522975387)
(125.08729212991175, 350.9522824907755)
(246.1052333964534, 361.83972365967315)
(173.15147636991227, 355.01560650549203)
(352.4694258578219, 383.7667897585585)
(119.81272584659587, 170.63265157913906)
(85.41871505545589, 302.2094888718527)
(232.65306528704764, 316.30051203894504)
(164.0947116224008, 493.89215942943366)
(22.335983507318513, 266.4776663745131)
(280.0775784772977, 161.56336065306988)
(171.53925115575873, 189.34901009460208)
(150.18140250587498, 342.5107180111576)
(211.4375264576535, 202.8892971988843)
(170.96569415945496, 473.30834500530017)
(179.33687596375353, 406.9227183330001)
(309.78926387968136, 367.88690199184225)
(285.4441936602935, 337.2972828082374)
(355.77709447589535, 405.7536738521548)
(265.3868281487145, 352.16225402735137)
(108.80871205141908, 452.6408090186435)
(302.46274004576617, 395.82705460911825)
(64.04484972631474, 159.164637456949)
(445.00477313231414, 84.4969392351222)
(244.717617494551, 573.7264748945149)
(170.3832101495718, 378.1048303892289)
(255.16904068667765, 465.7511821450827)
(481.67890018567476, 53.66327498440795)
(377.5666052116908, 405.3126692649267)
(498.3926075715873, 92.64597216488471)
(396.0574868490345, 56.37468268983299)
(393.30267240027894, 96.03177482011391)
(206.4478589987258, 348.07341858973996)
(35.71889529489511, 283.87203725764516)
(295.9683644946348, 125.95006686928971)
(214.12635334616314, 383.3393603707841)
(134.08774899195632, 155.80619292424134)
(185.4382745534447, 290.67608203648)
(260.57073070244337, 588.3982839395451)
(209.6184899590058, 72.15155821736072)
(192.76359640693562, 186.6474487190698)
(237.1330400826351, 125.94387996091588)
(210.02271553663374, 279.3198290279918)
(296.1814321036705, 148.6437898671453)
(92.33891809195441, 160.2800897416914)
(221.86928412666526, 361.92104248508986)
(284.43022745233765, 415.3552024746107)
(133.3689470664214, 230.46717707203547)
(246.478641306377, 256.31637875232906)
(103.29746966874339, 131.9159603675443)
(192.3790982304929, 385.03537339631885)
(96.06121722495728, 183.83379585141304)
(211.05738600873556, 133.88926714668747)
(37.57828225974706, 249.23230296297817)
(41.24825590914411, 213.59965808761538)
(435.47984071447155, 52.77616616219974)
(84.18287843786379, 246.50254132967615)
(67.17424549990787, 311.2142439710722)
(246.32534146968905, 417.56547272056366)
(254.5004483298227, 165.2190432592849)
(274.27994890130674, 139.7930576303463)
(109.24007832267405, 235.52197596569235)
(232.42151615010442, 555.2261438191356)
(296.713297905372, 202.24812095686934)
(354.1400867916124, 89.56297973100527)
(104.99580089105193, 312.3558919877101)
(29.411050083279072, 230.50560902694414)
(215.67887583658737, 501.50274903577235)
(12.353714774082489, 246.17234705948854)
(252.17379717247996, 311.4664544583371)
(154.73495251640205, 231.33264614411306)
(151.40168486043248, 189.1036016500635)
(204.57040556336455, 154.8642859910136)
(160.6147419005642, 545.3405269923175)
(278.1120304864929, 395.99775312630015)
(78.88842721727366, 140.61839554311769)
(263.07318151632234, 380.3166924496336)
(528.7709740691852, 30.370119626511475)
(276.800750180828, 316.3298961384721)
(228.57565564707235, 238.85963772276315)
(190.8208517721083, 83.93641144036306)
(114.18333157978353, 333.0755542249742)
(142.36600677700446, 407.55803535392954)
(114.96730176001282, 148.46266072752394)
(87.51855774687775, 225.14281060271836)
(178.36662289120449, 103.16924866438706)
(244.4860403130525, 538.155534801785)
(159.47880187746904, 143.79725129046068)
(139.2473870993831, 541.4078408500052)
(195.5213475208735, 246.52110475727818)
(495.23689094682106, 68.52857047843293)
(327.9313162482242, 351.3629352979831)
(104.6537205849546, 258.9389058606075)
(156.35647538892133, 318.569768973764)
(51.80580315082157, 193.45001724826835)
(426.2862009238163, 73.56535422134476)
(265.57419049894185, 423.9147939243971)
(120.70256938691792, 276.54270892335086)
(181.69142585834655, 542.7519502309019)
(192.47385778039387, 503.57071367345793)
(217.17349694900577, 94.68721721486556)
(236.05328118918297, 455.75172150845464)
(512.3996478801263, 111.35286945175926)
(374.7452591538122, 74.0798679459479)
(225.4355767112437, 294.72751595751095)
(269.9257115495476, 47.01475020525295)
(66.0272270977078, 238.0231766632581)
(359.1472373475013, 60.76371095555069)
(290.1710725035786, 481.93570815868975)
(121.35601870261851, 413.19702788943493)
(168.117396509209, 213.90082897402948)
(332.6664884988224, 86.69157452758314)
(174.81352705294998, 309.11121265951886)
(123.0021274473167, 121.91432412493874)
(512.3514170091763, 49.058319967095336)
(153.53925034993543, 109.85026490840467)
(456.4090598304204, 62.5778963900119)
(124.11724823991344, 251.77728792157842)
(212.03857066223068, 555.4178252007641)
(278.7988757454007, 110.23781448667492)
(240.23464486049824, 509.44763266843427)
(562.0138852895459, 39.54020159652257)
(93.8844111692285, 434.26237170309156)
(259.6240404431356, 557.6962688583981)
(99.5714023484911, 287.2207163873691)
(105.0399805904884, 209.5999127613351)
(174.9601328739989, 255.46448768068944)
(305.3146429884462, 415.65125621442115)
(236.5347073906549, 51.22190999692968)
(416.0449191718103, 46.823721173553466)
(233.61472628198743, 341.90514661594773)
(307.7567915021481, 85.43915148623287)
(191.23076173956397, 209.48842157403283)
(57.16411930294619, 259.7691870159461)
(145.8477134474939, 209.26539447843498)
(201.72162535544774, 575.3884992298651)
(311.1998156422725, 106.63338840777523)
(86.89986879701344, 110.50051837766964)
(514.5390671054364, 79.91703798032195)
(554.8747039165496, 15.838872295466777)
(530.470146502782, 92.44068138616093)
(529.8841756291808, 65.43232834379296)
(214.9323871500461, 222.6707430078399)
(168.8080299388224, 84.46182087947474)
(218.3683736605884, 534.6533502076034)
(232.6981966048707, 484.7850955032317)
(346.2234070073394, 359.8973428056318)
(149.5583311439535, 252.1732508902002)
(156.4988242622194, 163.60529028511456)
(533.080331941921, 10.639867131527705)
(157.86638947326168, 455.77994015337936)
(285.25637504295014, 372.4399857199498)
(135.22266284757308, 98.60219621473985)
(142.02641810543142, 271.8429651378516)
(406.40071698283197, 79.80515491703149)
(141.39657186590134, 376.89446136518245)
(370.4843500559921, 42.87687077384575)
(206.92904110986262, 459.037003505396)
(191.37016121800127, 269.8463524655662)
(80.83476835040935, 279.20775518347284)
(339.2033083084102, 38.02433428432607)
(58.6490720142822, 282.58525401980415)
(142.90966543030268, 129.8102783787954)
(421.54530904066644, 95.65369047688213)
(22.164636750761726, 206.68540607646216)
(331.7045045236243, 64.69537053271742)
(133.25786697699218, 296.5034177262792)
(178.2244495204129, 334.7674349801413)
(178.86530529196838, 170.69530718413793)
(157.01412927994534, 298.4689686734601)
(43.92984843101734, 347.71331172798347)
(544.894208582854, 51.274252340573824)
(196.19501021620013, 365.398447797342)
(320.93102975931413, 157.36692326489697)
(198.48500701429293, 106.12578873003858)
(258.82614966281386, 330.8493345641008)
(180.52506892092782, 150.71205930974844)
(156.29760133178607, 517.3322209906129)
(115.04409640510146, 101.3125634118949)
(174.6829676171706, 129.602729291902)
(199.18771813564803, 528.6754027821635)
(119.03457391980267, 190.7217727108805)
(161.89957832521532, 396.80378411821727)
(236.5806241874095, 380.60020936083305)
(76.1407253772104, 201.8280161903943)
(191.94286192476815, 475.2480630648266)
(208.52835459044758, 324.9822431721713)

zunahe Ortschaften:


geschuetzte Ortschaften:


Ortschaften ausserhalb dem Gebiet:
