Gebiet-Name:
griechenland

Gesundheitszentren:


Ortschaften:
(515.6545362213058, 5.296197280180868)
(257.961552537298, 417.9481848103103)
(141.7882121794699, 283.52183875126)
(46.36934575962043, 338.24765670950364)
(195.75507842696416, 369.82954393505025)
(372.2748251862111, 48.02971951028345)
(103.29746966874339, 131.9159603675443)
(90.23008897526915, 271.1275698375031)
(230.51703573888793, 347.1288632572722)
(103.12460301929718, 208.43150694851138)
(50.820456714808124, 295.5914488331854)
(142.12398460017997, 241.21086486175915)
(164.1381288224975, 149.63703494278388)
(68.38184694801076, 322.0012615806642)
(256.04871376647276, 56.88382166988322)
(168.96778393601053, 371.71238054933633)
(31.454356840050135, 218.86848099228334)
(111.42421949719534, 272.4631793394947)
(215.1717230570841, 364.5376681529747)
(510.3796662387905, 52.75520849222894)
(110.65969485840311, 370.09119249355814)
(255.60873836813812, 550.3913115994274)
(162.66517755615055, 233.87285603641436)
(73.40878918613181, 284.64599517833295)
(96.39675364868206, 302.81232300929753)
(286.8218468905218, 204.2580668310643)
(183.15996396431177, 138.64854234745135)
(154.26259073059416, 317.95557396477636)
(80.72813904676856, 232.51595740295585)
(98.69591497169029, 166.17123532614988)
(413.3333765619652, 80.68900757697313)
(442.35489711155805, 83.17358309012248)
(151.24256761705635, 397.0386079998723)
(322.1043659675289, 374.3772200148026)
(236.5347073906549, 51.22190999692968)
(391.6209873363952, 91.89206589857243)
(280.36413412083806, 387.3497538481089)
(108.80871205141908, 452.6408090186435)
(307.24905434028943, 360.9441029675906)
(117.9946736339294, 302.06332185888095)
(119.03457391980267, 190.7217727108805)
(193.3608131739864, 544.8240570617625)
(472.8691967094914, 76.7107355449302)
(343.7187918454721, 379.2410659925909)
(132.87489822450027, 265.3922403653697)
(529.8841756291808, 65.43232834379296)
(223.21079123177498, 528.8121244848427)
(552.5855578933274, 23.684424751162915)

zunahe Ortschaften:


geschuetzte Ortschaften:


Ortschaften ausserhalb dem Gebiet:
