Gebiet-Name:
griechenland

Gesundheitszentren:


Ortschaften:
(146.6885931513182, 217.44279361946016)
(466.49190962541144, 96.36085617853388)
(46.36934575962043, 338.24765670950364)
(327.34295629579253, 348.68008567738775)
(372.2748251862111, 48.02971951028345)
(90.23008897526915, 271.1275698375031)
(138.56871964964515, 198.95339948315637)
(168.96778393601053, 371.71238054933633)
(215.1717230570841, 364.5376681529747)
(256.1079533454675, 347.37740906811035)
(50.85304583410351, 203.19148431612865)
(110.65969485840311, 370.09119249355814)
(255.60873836813812, 550.3913115994274)
(385.566917272973, 76.21580671540264)
(73.40878918613181, 284.64599517833295)
(278.7988757454007, 110.23781448667492)
(314.67387096796847, 373.3996720213175)
(172.50687896886996, 240.76173515089198)
(96.39675364868206, 302.81232300929753)
(93.8844111692285, 434.26237170309156)
(286.8218468905218, 204.2580668310643)
(183.15996396431177, 138.64854234745135)
(154.26259073059416, 317.95557396477636)
(80.72813904676856, 232.51595740295585)
(492.90310672125327, 62.283666096847874)
(151.24256761705635, 397.0386079998723)
(236.5347073906549, 51.22190999692968)
(307.57086221981797, 352.2328308046332)
(108.80871205141908, 452.6408090186435)
(400.29732573739807, 99.47794528547301)
(186.77830938855485, 263.3928732983294)
(472.8691967094914, 76.7107355449302)
(343.7187918454721, 379.2410659925909)
(529.8841756291808, 65.43232834379296)
(552.5855578933274, 23.684424751162915)
(236.0367043282962, 343.8677039979953)
(210.91006523830188, 167.7703170719522)
(257.961552537298, 417.9481848103103)
(141.7882121794699, 283.52183875126)
(510.77204497492863, 51.51579722719259)
(295.0357798925999, 377.745422991724)
(533.080331941921, 10.639867131527705)
(280.02836730930943, 391.17839942611465)
(31.010235255796154, 223.4045381560803)
(103.29746966874339, 131.9159603675443)
(103.12460301929718, 208.43150694851138)
(24.375694631819155, 203.33483527968622)
(142.12398460017997, 241.21086486175915)
(164.1381288224975, 149.63703494278388)
(68.38184694801076, 322.0012615806642)
(256.04871376647276, 56.88382166988322)
(111.42421949719534, 272.4631793394947)
(436.09824477604536, 86.97150848451207)
(424.56557923092157, 58.184498851833965)
(410.3220720227952, 80.27350361852957)
(119.55600370491672, 120.21942741497627)
(172.1520894564638, 209.07700957169985)
(98.69591497169029, 166.17123532614988)
(273.1976498857408, 370.4829093299226)
(528.7709740691852, 30.370119626511475)
(52.129120796821915, 236.73931197904102)
(250.9433695182021, 137.56395128888818)
(117.9946736339294, 302.06332185888095)
(119.03457391980267, 190.7217727108805)
(396.51669146529025, 51.463353309255254)
(193.3608131739864, 544.8240570617625)
(183.54486654367128, 517.6303586329548)
(132.87489822450027, 265.3922403653697)
(50.820456714808124, 295.5914488331854)
(223.21079123177498, 528.8121244848427)
(195.75507842696416, 369.82954393505025)

zunahe Ortschaften:


geschuetzte Ortschaften:


Ortschaften ausserhalb dem Gebiet:
