Gebiet-Name:
siedler4

Gesundheitszentren:


Ortschaften:
(174.04507157706922, 41.14983609186998)
(126.03019060292817, 58.324723365669996)
(49.955676112211776, -1.9620538042635651)
(140.4657191541553, 79.17194788091837)
(189.70037861258166, 21.150439547004016)
(66.95489280002178, 55.63643837759253)
(15.331297928117552, -17.92391639162908)
(41.555345223208846, 29.768965871489954)
(90.91052771497549, 38.403744425868446)
(107.33049682841272, 24.819547570493725)
(40.71933317023974, 60.9827396199103)
(107.05172884192352, 69.55155052360078)
(147.60886628944763, 48.61972128574596)
(98.24456541453256, -16.83760563437108)
(3.4461599564977963, 51.99582386264803)
(64.61994764354019, 21.989288432837903)
(20.853292772193086, 18.51937033417181)
(22.682519186811184, 80.04160935854381)
(82.69873418096407, 68.63256341031986)
(133.5680997305159, 31.577147462000994)
(25.511602371485512, 46.05384288447893)
(141.83023791273988, 4.925508269952232)
(119.63400616292361, -0.0070914123566350185)
(69.99925639221073, -1.933942988637058)
(85.33509115877919, 18.40545324400373)
(186.4453230037511, -16.36246672125194)
(35.450817637615984, -17.56327619977654)
(164.9125794864346, -16.657781072292828)
(142.64871702589596, -15.935546371388238)
(164.5893940646782, 20.94172280442885)
(178.34808098045033, 3.8801875505653296)

zunahe Ortschaften:


geschuetzte Ortschaften:


Ortschaften ausserhalb dem Gebiet:
