Gebiet-Name:
siedler4

Gesundheitszentren:


Ortschaften:
(140.4657191541553, 79.17194788091837)
(189.70037861258166, 21.150439547004016)
(15.331297928117552, -17.92391639162908)
(107.89508990113703, 42.13324830846486)
(43.877716848984406, 56.712876381197354)
(58.94823358629709, 19.852490480367486)
(85.33509115877919, 18.40545324400373)
(82.51700966839023, 83.81028246515875)
(142.64871702589596, -15.935546371388238)
(126.96003969484195, 53.13924713054488)
(174.04507157706922, 41.14983609186998)
(7.465855106539753, 35.13797250279897)
(49.955676112211776, -1.9620538042635651)
(178.34808098045033, 3.8801875505653296)
(27.50972834353223, 43.512706787882564)
(15.730707073474093, 11.826499737737866)
(62.66260171318934, 44.04043420946786)
(107.05172884192352, 69.55155052360078)
(147.60886628944763, 48.61972128574596)
(8.725464473583353, 57.799153513612126)
(83.44174338317552, 61.15757953572015)
(22.682519186811184, 80.04160935854381)
(109.77522141387556, 20.17083632428586)
(133.5680997305159, 31.577147462000994)
(141.83023791273988, 4.925508269952232)
(119.63400616292361, -0.0070914123566350185)
(69.99925639221073, -1.933942988637058)
(37.97492655737527, 23.088106195388043)
(186.4453230037511, -16.36246672125194)
(35.450817637615984, -17.56327619977654)
(164.9125794864346, -16.657781072292828)
(164.5893940646782, 20.94172280442885)
(65.95155685024946, 71.24806681635998)
(98.24456541453256, -16.83760563437108)

zunahe Ortschaften:


geschuetzte Ortschaften:


Ortschaften ausserhalb dem Gebiet:
