Gebiet-Name:
siedler4

Gesundheitszentren:


Ortschaften:
(140.4657191541553, 79.17194788091837)
(189.70037861258166, 21.150439547004016)
(15.331297928117552, -17.92391639162908)
(87.2039123134456, 20.415626751241188)
(123.69153121048065, 17.171916065524904)
(158.89287968023712, 18.256498636882526)
(43.877716848984406, 56.712876381197354)
(58.94823358629709, 19.852490480367486)
(100.88952040592898, 47.287364865623395)
(82.51700966839023, 83.81028246515875)
(142.64871702589596, -15.935546371388238)
(89.85395407043657, -14.506757438572533)
(126.96003969484195, 53.13924713054488)
(174.04507157706922, 41.14983609186998)
(6.758690224421429, 34.68053417539984)
(49.955676112211776, -1.9620538042635651)
(4.934668089033709, 10.911640125768654)
(27.50972834353223, 43.512706787882564)
(27.045767536103945, 3.248351731973962)
(62.66260171318934, 44.04043420946786)
(147.60886628944763, 48.61972128574596)
(8.725464473583353, 57.799153513612126)
(106.33577428188929, 69.11071880140757)
(83.44174338317552, 61.15757953572015)
(22.682519186811184, 80.04160935854381)
(100.9201461273743, 4.867496072285819)
(34.26409531027588, 22.475822814128296)
(141.83023791273988, 4.925508269952232)
(69.99925639221073, -1.933942988637058)
(186.4453230037511, -16.36246672125194)
(35.450817637615984, -17.56327619977654)
(140.4540885188383, 28.083101063370016)
(164.9125794864346, -16.657781072292828)
(65.95155685024946, 71.24806681635998)
(114.16282900299773, -14.951448042228161)
(178.34808098045033, 3.8801875505653296)

zunahe Ortschaften:


geschuetzte Ortschaften:


Ortschaften ausserhalb dem Gebiet:
