Gebiet-Name:
siedler4

Gesundheitszentren:


Ortschaften:
(140.4657191541553, 79.17194788091837)
(189.70037861258166, 21.150439547004016)
(144.17789381132673, -18.906633232921756)
(15.331297928117552, -17.92391639162908)
(83.2267606222655, 41.400693191054906)
(87.2039123134456, 20.415626751241188)
(155.21167330579803, 3.717982549399709)
(43.877716848984406, 56.712876381197354)
(58.94823358629709, 19.852490480367486)
(63.059903402965254, 46.02425670512738)
(107.09417603192455, 43.496405141800594)
(115.56279596716733, 20.053541855260907)
(62.213610694757534, 68.72093814110934)
(184.25410681056312, 70.6369560273047)
(165.28459216616028, 31.824414337928506)
(89.85395407043657, -14.506757438572533)
(126.96003969484195, 53.13924713054488)
(6.758690224421429, 34.68053417539984)
(49.955676112211776, -1.9620538042635651)
(178.34808098045033, 3.8801875505653296)
(4.934668089033709, 10.911640125768654)
(27.50972834353223, 43.512706787882564)
(27.045767536103945, 3.248351731973962)
(147.60886628944763, 48.61972128574596)
(8.725464473583353, 57.799153513612126)
(106.33577428188929, 69.11071880140757)
(131.46620483907392, -3.0045157683235084)
(22.682519186811184, 80.04160935854381)
(100.9201461273743, 4.867496072285819)
(34.26409531027588, 22.475822814128296)
(85.21251175646196, 64.547251176846)
(69.99925639221073, -1.933942988637058)
(186.4453230037511, -16.36246672125194)
(35.450817637615984, -17.56327619977654)
(164.9125794864346, -16.657781072292828)
(181.1829460772358, 50.709321783145285)
(146.98695669843107, 22.631260593324924)
(112.89167260874977, -14.696931436861986)
(81.57824411459461, 93.2658179871769)

zunahe Ortschaften:


geschuetzte Ortschaften:


Ortschaften ausserhalb dem Gebiet:
