Gebiet-Name:
siedler4

Gesundheitszentren:


Ortschaften:
(111.7728431253376, -19.23555770522713)
(140.4657191541553, 79.17194788091837)
(188.42266783762918, 26.40629325501049)
(144.17789381132673, -18.906633232921756)
(15.331297928117552, -17.92391639162908)
(166.94286203002304, 36.26039725239443)
(83.2267606222655, 41.400693191054906)
(87.2039123134456, 20.415626751241188)
(192.76541294929123, -17.215207803188783)
(43.877716848984406, 56.712876381197354)
(170.69373711191284, 8.241614963626763)
(54.62169348918498, 21.452917978407562)
(63.059903402965254, 46.02425670512738)
(107.09417603192455, 43.496405141800594)
(115.56279596716733, 20.053541855260907)
(89.35874393157891, -18.774155057046386)
(62.213610694757534, 68.72093814110934)
(184.25410681056312, 70.6369560273047)
(126.96003969484195, 53.13924713054488)
(6.758690224421429, 34.68053417539984)
(49.955676112211776, -1.9620538042635651)
(4.934668089033709, 10.911640125768654)
(27.50972834353223, 43.512706787882564)
(27.045767536103945, 3.248351731973962)
(147.60886628944763, 48.61972128574596)
(8.725464473583353, 57.799153513612126)
(106.33577428188929, 69.11071880140757)
(131.46620483907392, -3.0045157683235084)
(152.5422730211737, -0.3075339463030673)
(22.682519186811184, 80.04160935854381)
(65.90828418029291, -19.641818777839298)
(100.9201461273743, 4.867496072285819)
(34.26409531027588, 22.475822814128296)
(85.21251175646196, 64.547251176846)
(75.03397889909213, -0.7263141369096573)
(194.6881919996614, 4.5556254554487134)
(35.450817637615984, -17.56327619977654)
(164.9125794864346, -16.657781072292828)
(181.1829460772358, 50.709321783145285)
(146.98695669843107, 22.631260593324924)
(81.57824411459461, 93.2658179871769)

zunahe Ortschaften:


geschuetzte Ortschaften:


Ortschaften ausserhalb dem Gebiet:
