Gebiet-Name:
siedler4

Gesundheitszentren:


Ortschaften:
(140.4657191541553, 79.17194788091837)
(188.42266783762918, 26.40629325501049)
(144.17789381132673, -18.906633232921756)
(15.331297928117552, -17.92391639162908)
(83.2267606222655, 41.400693191054906)
(87.2039123134456, 20.415626751241188)
(187.23978467671103, 51.252191460773744)
(192.76541294929123, -17.215207803188783)
(147.858633226575, 21.171807351583364)
(43.877716848984406, 56.712876381197354)
(180.3673110641154, 97.23676623213439)
(54.62169348918498, 21.452917978407562)
(63.059903402965254, 46.02425670512738)
(164.81726728719102, 62.0958337394343)
(114.0370396728729, 14.31534641757453)
(96.95714895786746, 2.6680622201946846)
(89.35874393157891, -18.774155057046386)
(61.99933425238145, 66.60836542209508)
(164.9357681773018, 33.016348364028175)
(126.96003969484195, 53.13924713054488)
(6.758690224421429, 34.68053417539984)
(49.955676112211776, -1.9620538042635651)
(4.934668089033709, 10.911640125768654)
(27.50972834353223, 43.512706787882564)
(27.045767536103945, 3.248351731973962)
(183.47718292442792, 72.76252688288702)
(147.60886628944763, 48.61972128574596)
(8.725464473583353, 57.799153513612126)
(106.33577428188929, 69.11071880140757)
(170.7676302457901, 12.377681123116497)
(152.5422730211737, -0.3075339463030673)
(22.682519186811184, 80.04160935854381)
(61.93791647908234, 89.08239646620865)
(127.39655503880968, 31.078437202873506)
(108.86197790818744, 43.32264477057145)
(65.90828418029291, -19.641818777839298)
(34.26409531027588, 22.475822814128296)
(0.7390108162447451, 77.96727634629343)
(85.21251175646196, 64.547251176846)
(75.03397889909213, -0.7263141369096573)
(116.62806061418128, -10.810298027903153)
(194.6881919996614, 4.5556254554487134)
(35.450817637615984, -17.56327619977654)
(164.9125794864346, -16.657781072292828)
(131.23379457200028, 3.043880843646331)
(81.57824411459461, 93.2658179871769)

zunahe Ortschaften:


geschuetzte Ortschaften:


Ortschaften ausserhalb dem Gebiet:
