165
518.000000 2.000000
561.000000 16.000000
563.000000 50.000000
536.000000 58.000000
536.000000 94.000000
517.000000 117.000000
496.000000 107.000000
434.000000 91.000000
404.000000 104.000000
374.000000 93.000000
342.000000 119.000000
324.000000 113.000000
313.000000 122.000000
324.000000 140.000000
328.000000 156.000000
356.000000 166.000000
370.000000 186.000000
359.000000 189.000000
348.000000 169.000000
325.000000 161.000000
313.000000 168.000000
319.000000 178.000000
335.000000 186.000000
338.000000 200.000000
334.000000 205.000000
318.000000 197.000000
307.000000 177.000000
286.000000 172.000000
284.000000 181.000000
291.000000 196.000000
311.000000 213.000000
285.000000 205.000000
278.000000 192.000000
277.000000 175.000000
248.000000 167.000000
236.000000 147.000000
251.000000 145.000000
245.000000 131.000000
228.000000 141.000000
212.000000 194.000000
235.000000 217.000000
243.000000 250.000000
265.000000 262.000000
282.000000 293.000000
267.000000 299.000000
264.000000 285.000000
248.000000 272.000000
245.000000 279.000000
237.000000 285.000000
253.000000 312.000000
247.000000 322.000000
218.000000 323.000000
214.000000 332.000000
256.000000 342.000000
282.000000 365.000000
305.000000 371.000000
304.000000 361.000000
265.000000 331.000000
237.000000 332.000000
243.000000 326.000000
262.000000 315.000000
281.000000 310.000000
290.000000 330.000000
335.000000 352.000000
349.000000 350.000000
359.000000 398.000000
386.000000 407.000000
383.000000 427.000000
364.000000 419.000000
355.000000 408.000000
343.000000 381.000000
304.000000 376.000000
312.000000 388.000000
336.000000 393.000000
342.000000 406.000000
337.000000 422.000000
342.000000 456.000000
333.000000 458.000000
325.000000 443.000000
311.000000 440.000000
300.000000 428.000000
302.000000 418.000000
253.000000 432.000000
252.000000 440.000000
265.000000 441.000000
267.000000 466.000000
295.000000 481.000000
264.000000 501.000000
258.000000 485.000000
229.000000 471.000000
246.000000 522.000000
261.000000 556.000000
256.000000 572.000000
269.000000 592.000000
259.000000 592.000000
230.000000 555.000000
214.000000 556.000000
208.000000 592.000000
196.000000 585.000000
197.000000 569.000000
180.000000 540.000000
175.000000 527.000000
161.000000 533.000000
162.000000 553.000000
154.000000 560.000000
139.000000 547.000000
129.000000 513.000000
139.000000 501.000000
133.000000 475.000000
89.000000 439.000000
92.000000 430.000000
115.000000 404.000000
131.000000 408.000000
150.000000 388.000000
165.000000 387.000000
231.000000 423.000000
239.000000 430.000000
248.000000 429.000000
242.000000 417.000000
262.000000 417.000000
268.000000 407.000000
230.000000 398.000000
221.000000 380.000000
213.000000 394.000000
204.000000 374.000000
197.000000 387.000000
149.000000 381.000000
120.000000 391.000000
109.000000 372.000000
95.000000 390.000000
90.000000 385.000000
66.000000 336.000000
57.000000 340.000000
56.000000 355.000000
41.000000 355.000000
46.000000 334.000000
59.000000 321.000000
94.000000 323.000000
90.000000 308.000000
76.000000 313.000000
58.000000 317.000000
32.000000 286.000000
18.000000 277.000000
6.000000 242.000000
26.000000 226.000000
20.000000 205.000000
51.000000 191.000000
65.000000 147.000000
83.000000 134.000000
79.000000 105.000000
147.000000 96.000000
169.000000 70.000000
228.000000 72.000000
231.000000 51.000000
340.000000 37.000000
344.000000 26.000000
385.000000 25.000000
388.000000 40.000000
436.000000 51.000000
447.000000 63.000000
495.000000 50.000000
520.000000 46.000000
524.000000 27.000000
514.000000 13.000000
513.000000 8.000000