Gebiet-Name:
siedler1

Gesundheitszentren:


Ortschaften:
(60.24733285065881, 14.713359675813168)
(192.2398422301457, 194.02502655404052)
(178.45087452860523, 15.115285028177889)
(197.36732749840561, 27.37522040922933)
(158.0985876611964, 1.266296299231902)
(164.45203555668803, 29.990500612983176)
(128.15035137477457, 49.58156383893143)
(81.72056925935833, 27.026145625391823)
(98.76909230346477, 45.1691932213898)
(168.3516804402595, 137.68686946780167)
(152.75443697224983, 93.89741688382361)
(178.82624262220193, 110.17391292481926)
(180.58129413942189, 45.70997721235431)
(196.67244585096202, 164.57815501238073)
(140.4644678322491, 68.174139826171)
(190.6200475151426, 143.76503766205673)
(100.8529963356649, 18.633261158407844)
(149.92769981554954, 48.60937226804412)
(176.44305958864192, 175.22865581634906)
(145.48409033732867, 22.955342729572596)
(174.0338633471325, 84.24514343550841)
(112.12743330408752, 68.61634679924992)
(130.68723764274864, 4.664944570698004)
(196.04188010211615, 223.15728097596278)
(191.77049974373136, 65.78002851717645)
(119.89278238467983, 28.204248393858137)
(198.0109312967445, 4.795121267368012)
(127.54934551945489, 83.47789339326576)
(158.4514020383525, 114.700689980764)
(160.56403764241736, 67.8298182367786)
(198.2927040292607, 100.97763284526155)
(78.20962698257388, 50.73115529596477)

zunahe Ortschaften:


geschuetzte Ortschaften:


Ortschaften ausserhalb dem Gebiet:
