Gebiet-Name:
siedler1

Gesundheitszentren:


Ortschaften:
(188.40855483521258, 145.19334611670627)
(179.43779956811113, 79.30472331069974)
(178.45087452860523, 15.115285028177889)
(182.40996949232763, 196.59534432925508)
(158.0985876611964, 1.266296299231902)
(183.68665225286054, 108.17300990189705)
(197.36732749840561, 27.37522040922933)
(194.66990164591968, 58.59445206344715)
(164.45203555668803, 29.990500612983176)
(128.15035137477457, 49.58156383893143)
(81.72056925935833, 27.026145625391823)
(196.87796854324134, 89.75148004010836)
(98.76909230346477, 45.1691932213898)
(168.3516804402595, 137.68686946780167)
(152.75443697224983, 93.89741688382361)
(199.32056120801374, 123.57477448580971)
(198.11892664919037, 210.7166452472515)
(140.4644678322491, 68.174139826171)
(49.65817932272073, 15.196990024346135)
(58.31599738665316, 33.27959506704469)
(196.06667491162534, 174.06280697895048)
(68.28918103513047, 6.015332437609333)
(174.38514519569353, 159.89757985427633)
(100.8529963356649, 18.633261158407844)
(149.92769981554954, 48.60937226804412)
(164.90835387255262, 115.11751504487104)
(145.48409033732867, 22.955342729572596)
(27.103352062832972, 15.049962554773685)
(112.12743330408752, 68.61634679924992)
(130.68723764274864, 4.664944570698004)
(171.46716523253605, 50.26239470185349)
(119.89278238467983, 28.204248393858137)
(198.0109312967445, 4.795121267368012)
(127.54934551945489, 83.47789339326576)
(160.56403764241736, 67.8298182367786)
(78.20962698257388, 50.73115529596477)
(195.63901855257438, 230.84270279352396)

zunahe Ortschaften:


geschuetzte Ortschaften:


Ortschaften ausserhalb dem Gebiet:
