Gebiet-Name:
siedler1

Gesundheitszentren:
(80.95369721917508, 14.739009928088926)

Ortschaften:
(188.40855483521258, 145.19334611670627)
(71.419717359814, 6.522720178148801)
(179.43779956811113, 79.30472331069974)
(55.75241651212931, 10.619428476036276)
(178.45087452860523, 15.115285028177889)
(182.40996949232763, 196.59534432925508)
(86.61591966180407, 4.275425701713191)
(158.0985876611964, 1.266296299231902)
(183.68665225286054, 108.17300990189705)
(197.36732749840561, 27.37522040922933)
(194.66990164591968, 58.59445206344715)
(195.63901855257438, 230.84270279352396)
(39.58248565303002, 25.1676307062266)
(164.45203555668803, 29.990500612983176)
(128.15035137477457, 49.58156383893143)
(37.33774163807966, 0.08044723811442722)
(196.87796854324134, 89.75148004010836)
(98.76909230346477, 45.1691932213898)
(168.3516804402595, 137.68686946780167)
(152.75443697224983, 93.89741688382361)
(163.33168211415276, 66.29160553979524)
(199.32056120801374, 123.57477448580971)
(198.11892664919037, 210.7166452472515)
(140.4644678322491, 68.174139826171)
(149.7277609152558, 39.72164662144941)
(22.474738241469403, 13.902650389595854)
(196.06667491162534, 174.06280697895048)
(174.38514519569353, 159.89757985427633)
(169.7689703865592, 45.43066718451868)
(95.59181021567096, 8.857137295306238)
(164.90835387255262, 115.11751504487104)
(145.48409033732867, 22.955342729572596)
(112.12743330408752, 68.61634679924992)
(130.68723764274864, 4.664944570698004)
(152.31919397245397, 51.95125614021523)
(119.89278238467983, 28.204248393858137)
(198.0109312967445, 4.795121267368012)
(127.54934551945489, 83.47789339326576)
(59.675644416941154, 39.15210469362296)
(78.20962698257388, 50.73115529596477)
(76.87610028894058, 23.996877311606077)
(106.99562812880806, 11.438582119466162)

zunahe Ortschaften:


geschuetzte Ortschaften:
(22.474738241469403, 13.902650389595854)
(71.419717359814, 6.522720178148801)
(55.75241651212931, 10.619428476036276)
(86.61591966180407, 4.275425701713191)
(158.0985876611964, 1.266296299231902)
(95.59181021567096, 8.857137295306238)
(145.48409033732867, 22.955342729572596)
(39.58248565303002, 25.1676307062266)
(164.45203555668803, 29.990500612983176)
(112.12743330408752, 68.61634679924992)
(130.68723764274864, 4.664944570698004)
(152.31919397245397, 51.95125614021523)
(128.15035137477457, 49.58156383893143)
(37.33774163807966, 0.08044723811442722)
(78.20962698257388, 50.73115529596477)
(119.89278238467983, 28.204248393858137)
(127.54934551945489, 83.47789339326576)
(98.76909230346477, 45.1691932213898)
(106.99562812880806, 11.438582119466162)
(59.675644416941154, 39.15210469362296)
(149.7277609152558, 39.72164662144941)
(76.87610028894058, 23.996877311606077)
(140.4644678322491, 68.174139826171)

Ortschaften ausserhalb dem Gebiet:
