Gebiet-Name:
siedler3

Gesundheitszentren:


Ortschaften:
(10.160907690654351, 67.88774950928732)
(24.504055173228608, 3.9320822346594557)
(31.260169067039932, 73.57542868198571)
(137.79798419428235, 34.470960645942945)
(111.25190882544504, 46.87321677598107)
(120.74728646444932, 131.3190381118823)
(1.5370011058705226, 3.1735450651216137)
(49.95018719277886, 83.36537147204423)
(94.89884481290335, 127.26326471360645)
(130.90575667040935, 57.27504679121082)
(107.17289302313576, 146.09827745924565)
(86.19468387727558, 76.21454802195649)
(23.194155337188626, 103.5391512124566)
(4.272522714098061, 47.34747276403477)
(95.09903016974535, 29.089584306559203)
(142.17817436726367, 149.38719545195636)
(144.15018028566035, 124.11333438488055)
(29.586756380152003, 37.625918017329575)
(61.54231800382306, 32.11405120816455)
(58.67033624799924, 102.33144082756978)
(63.78777066724477, 57.586287253158496)
(0.26241320050652206, 111.19951603117065)
(87.1353912826207, 50.05710600937363)
(3.0292153010732092, 23.4321561912913)
(115.11224660588717, 110.67880337105976)
(100.97539910897673, 7.994057653658509)
(122.8997833211799, 89.11821734099874)
(76.46033570173456, 18.127678119114492)
(47.59528816534827, 142.032977320614)
(112.04271489209488, 70.96919060544768)
(80.04767270901677, 102.76547007441017)
(146.23314522133228, 87.63657291761659)
(41.232647090045354, 54.49337403947419)
(99.15606740331602, 92.75843957020416)

zunahe Ortschaften:


geschuetzte Ortschaften:


Ortschaften ausserhalb dem Gebiet:
