Gebiet-Name:
siedler3

Gesundheitszentren:


Ortschaften:
(10.160907690654351, 67.88774950928732)
(31.260169067039932, 73.57542868198571)
(142.9059665493491, 93.45223377439505)
(24.673437922794367, 127.73363508533174)
(137.79798419428235, 34.470960645942945)
(46.2694047077825, 136.3461912606737)
(148.99970564452306, 17.686639277727224)
(11.655556708292965, 26.401114876246346)
(1.5370011058705226, 3.1735450651216137)
(102.22414706195057, 94.81455836741453)
(49.95018719277886, 83.36537147204423)
(142.4603604281118, 118.69465626899962)
(66.30606401170546, 146.312710574026)
(118.8005439874319, 109.88379478389517)
(94.15368262292492, 118.67324366394647)
(86.19468387727558, 76.21454802195649)
(50.34092632807619, 49.07427135962496)
(70.8942963127459, 61.82140089505925)
(142.17817436726367, 149.38719545195636)
(90.05869528838801, 149.53841924471152)
(31.311718894885445, 107.54774264628989)
(61.54231800382306, 32.11405120816455)
(114.38935834828617, 2.1920080791194496)
(113.70098351086877, 39.422882229209335)
(58.67033624799924, 102.33144082756978)
(3.203415898633368, 137.24158902327545)
(50.66883352973028, 0.917440244965511)
(7.132059086261062, 112.53584856113095)
(130.12314318940273, 65.7793039350433)
(62.79347243502605, 122.43513408038062)
(3.7816792216961788, 45.70188939764369)
(26.587997501691902, 46.78838657103017)
(87.1353912826207, 50.05710600937363)
(121.78022120264151, 131.53983034228352)
(39.936836601384826, 31.143876123321903)
(16.90650497589752, 93.37119679906623)
(122.02511718891773, 20.910730018941805)
(30.868606026802567, 6.5225235044545675)
(122.8997833211799, 89.11821734099874)
(76.46033570173456, 18.127678119114492)
(147.4627804244132, 54.01297233629282)
(106.73369515024723, 62.619360760452174)
(112.282150616849, 149.4747811581053)
(93.73122738377678, 30.21610241565665)
(79.67145251546029, 98.95626418042954)
(94.63139101110293, 8.281003955996676)

zunahe Ortschaften:


geschuetzte Ortschaften:


Ortschaften ausserhalb dem Gebiet:
